TTbar_Signal 37430000 37278838 151162 37127676 831.76 0.10706
DYJetsToLL_M_10To50 49632553 43426456 6206097 37220359 22635.1 1.
DYJetsToLL_M_50 90947213 76069963 14877250 61192713 6225.4 1.
TTbar_AllHadron 97600000 97205928 394072 96811856 831.76 0.45441
TTbar_SemiLep 132178000 131642415 535585 131106830 831.76 0.44113
TTJets_Inclusive 94164991 64170897 29994094 34176803 831.76 1.
WJetsToLNu 28880770 24347346 4533424 19813922 61526.7 1.
WJetsToLNu_Mad 74676454 74676454 0 74676454 61526.7 1.
WW 7934000 7934000 0 7934000 118.7 1.
WZ 15859000 15859000 0 15859000 47.13 1.
ZZ 1282000 1282000 0 1282000 16.523 1.
ST_s-channel_4f_leptonDecays 5518000 4555386 962614 3592772 10.32 1.
ST_t-channel_antitop_4f_InclusiveDecays 31024000 30114959 909041 29205918 80.95 1.
ST_t-channel_top_4f_InclusiveDecays 55961000 54199216 1761784 52437432 136.02 1.
ST_tW_antitop_5f_NoFullyHadronicDecays 3176485 3176410 75 3176335 35.85 0.54559
ST_tW_top_5f_NoFullyHadronicDecays 3294673 3294579 94 3294485 35.85 0.54559
TTWJetsToLNu 2850164 2196727 653437 1543290 0.2043 1.
TTWJetsToQQ 271496 210169 61327 148842 0.4062 1.
TTZToLLNuNu_M-10 5792000 4324313 1467687 2856626 0.2529 1.
TTZToQQ 6277000 4697646 1579354 3118292 0.5297 1.
