TTbar_Signal 106724000 106291995 432005 105859990 831.76 0.10706
DYJetsToLL_M-10To50 95894507 83906895 11987612 71919283 22635.1 1.
DYJetsToLL_M-50 196329377 164209627 32119750 132089877 6225.4 1.
TTbar_AllHadronic 235719999 234767708 952291 233815417 831.76 0.45441
TTbar_SemiLeptonic 355332000 353897316 1434684 352462632 831.76 0.44113
TTJets_Inclusive 249133364 169756186 79377178 90379008 831.76 1.
WJetsToLNu 26838734 22626512 4212222 18414290 61526.7 1.
WJetsToLNu_Mad 74676454 74676454 0 74676454 61526.7 1.
WW 15634000 15634000 0 15634000 118.7 1.
WZ 7889000 7889000 0 7889000 47.13 1.
ZZ 2706000 2706000 0 2706000 16.523 1.
ST_s-channel_4f_leptonDecays 13882000 11459644 2422356 9037288 10.32 1.
ST_t-channel_antitop_4f_InclusiveDecays 69921000 67871361 2049639 65821722 80.95 1.
ST_t-channel_top_4f_InclusiveDecays 129903000 125815626 4087374 121728252 136.02 1.
ST_tW_antitop_5f_NoFullyHadronicDecays 8433998 8433780 218 8433562 35.85 0.54559
ST_tW_top_5f_NoFullyHadronicDecays 8507203 8506984 219 8506765 35.85 0.54559
TTWJetsToLNu 7460671 5752770 1707901 4044869 0.2043 1.
TTWJetsToQQ 655018 507012 148006 359006 0.4062 1.
TTZToLLNuNu_M-10 14196000 10593267 3602733 6990534 0.2529 1.
TTZToQQ 13982000 10464005 3517995 6946010 0.5297 1.
