TTbar_Signal 146010000 145420504 589496 144831008 831.76 0.10706
DYJetsToLL_M_10To50 49632553 43426456 6206097 37220359 22635.1 1.
DYJetsToLL_M-50 196626007 164474005 32152002 132322003 6225.4 1.
TTbar_AllHadronic 343248000 341861463 1386537 340474926 831.76 0.45441
TTbar_SemiLeptonic 478482000 476548524 1933476 474615048 831.76 0.44113
TTJets_Inclusive 94164991 64170897 29994094 34176803 831.76 1.
WJetsToLNu 29117828 24546398 4571430 19974968 61526.7 1.
WJetsToLNu-madgraphMLM 82418277 82418277 0 82418277 61526.7 1.
WW 15679000 15679000 0 15679000 118.7 1.
WZ 7940000 7940000 0 7940000 47.13 1.
ZZ 3526000 3526000 0 3526000 16.523 1.
ST_s-channel_4f_leptonDecays 19365999 15986870 3379129 12607741 10.32 1.
ST_t-channel_antitop_4f_InclusiveDecays 95833000 93024753 2808247 90216506 80.95 1.
ST_t-channel_top_4f_InclusiveDecays 172031000 166616911 5414089 161202822 136.02 1.
ST_tW_antitop_5f_NoFullyHadronicDecays 10941823 10941554 269 10941285 35.85 0.54559
ST_tW_top_5f_NoFullyHadronicDecays 11270430 11270133 297 11269836 35.85 0.54559
TTWJetsToLNu 10516349 8109532 2406817 5702715 0.2043 1.
TTWJetsToQQ 970179 750253 219926 530327 0.4062 1.
TTZToLLNuNu_M-10 19608000 14629917 4978083 9651834 0.2529 1.
TTZToQQ 19816000 14835110 4980890 9854220 0.5297 1.
